AA=0.99622926
KK=0.99095023
QQ=0.98642534
JJ=0.98190045
TT=0.97737557
99=0.97285068
88=0.96832579
AKs=0.96530920
AQs=0.96229261
77=0.95776772
AJs=0.95475113
AKo=0.94570136
ATs=0.94268477
AQo=0.93363499
AJo=0.92458522
KQs=0.92156863
A9s=0.91855204
ATo=0.90950226
66=0.90497738
KJs=0.90196078
A8s=0.89894419
KTs=0.89592760
A7s=0.89291101
KQo=0.88386124
A9o=0.87481146
A5s=0.87179487
KJo=0.86274510
A6s=0.85972851
QJs=0.85671192
K9s=0.85369532
A8o=0.84464555
55=0.84012066
KTo=0.83107089
A4s=0.82805430
QTs=0.82503771
A7o=0.81598793
A3s=0.81297134
K8s=0.80995475
A5o=0.80090498
A6o=0.79185520
QJo=0.78280543
A2s=0.77978884
K7s=0.77677225
K9o=0.76772247
Q9s=0.76470588
JTs=0.76168929
A4o=0.75263952
QTo=0.74358974
K6s=0.74057315
A3o=0.73152338
44=0.72699849
K5s=0.72398190
Q8s=0.72096531
K8o=0.71191554
J9s=0.70889894
K7o=0.69984917
A2o=0.69079940
Q9o=0.68174962
K4s=0.67873303
JTo=0.66968326
K6o=0.66063348
Q7s=0.65761689
K3s=0.65460030
J8s=0.65158371
T9s=0.64856712
Q6s=0.64555053
K5o=0.63650075
Q8o=0.62745098
K2s=0.62443439
J9o=0.61538462
Q5s=0.61236802
33=0.60784314
K4o=0.59879336
T8s=0.59577677
J7s=0.59276018
Q4s=0.58974359
Q7o=0.58069382
K3o=0.57164404
J8o=0.56259427
T9o=0.55354449
Q3s=0.55052790
Q6o=0.54147813
98s=0.53846154
J6s=0.53544495
T7s=0.53242836
K2o=0.52337858
Q5o=0.51432881
Q2s=0.51131222
J5s=0.50829563
J7o=0.49924585
T8o=0.49019608
Q4o=0.48114630
J4s=0.47812971
22=0.47360483
97s=0.47058824
T6s=0.46757164
Q3o=0.45852187
J3s=0.45550528
87s=0.45248869
98o=0.44343891
T7o=0.43438914
J6o=0.42533937
96s=0.42232278
J2s=0.41930618
Q2o=0.41025641
T5s=0.40723982
J5o=0.39819005
T4s=0.39517345
86s=0.39215686
J4o=0.38310709
97o=0.37405732
T6o=0.36500754
95s=0.36199095
T3s=0.35897436
76s=0.35595777
J3o=0.34690799
87o=0.33785822
T2s=0.33484163
85s=0.33182504
96o=0.32277526
J2o=0.31372549
T5o=0.30467572
75s=0.30165913
94s=0.29864253
T4o=0.28959276
65s=0.28657617
86o=0.27752640
93s=0.27450980
84s=0.27149321
95o=0.26244344
T3o=0.25339367
76o=0.24434389
92s=0.24132730
74s=0.23831071
54s=0.23529412
64s=0.23227753
T2o=0.22322775
85o=0.21417798
83s=0.21116139
75o=0.20211161
94o=0.19306184
65o=0.18401207
82s=0.18099548
73s=0.17797888
53s=0.17496229
93o=0.16591252
63s=0.16289593
84o=0.15384615
92o=0.14479638
43s=0.14177979
74o=0.13273002
54o=0.12368024
64o=0.11463047
72s=0.11161388
52s=0.10859729
62s=0.10558069
83o=0.09653092
42s=0.09351433
82o=0.08446456
73o=0.07541478
53o=0.06636501
63o=0.05731523
32s=0.05429864
43o=0.04524887
72o=0.03619910
52o=0.02714932
62o=0.01809955
42o=0.00904977
32o=0.00000000
